OFF
80 120 0
76.0 176.0 0.0
62.0 235.0 0.0
0.0 213.0 34.0
-14.0 272.0 34.0
89.0 254.0 0.0
13.0 291.0 34.0
168.0 255.0 0.0
92.0 292.0 34.0
178.0 208.0 0.0
102.0 245.0 34.0
76.0 174.0 2.0
62.0 233.0 2.0
89.0 252.0 2.0
168.0 253.0 2.0
178.0 206.0 2.0
76.0 173.0 4.0
62.0 232.0 4.0
89.0 251.0 4.0
168.0 252.0 4.0
178.0 205.0 4.0
76.0 172.0 6.0
62.0 231.0 6.0
89.0 250.0 6.0
168.0 251.0 6.0
178.0 204.0 6.0
76.0 170.0 8.0
62.0 229.0 8.0
89.0 248.0 8.0
168.0 249.0 8.0
178.0 202.0 8.0
76.0 169.0 10.0
62.0 228.0 10.0
89.0 247.0 10.0
168.0 248.0 10.0
178.0 201.0 10.0
76.0 168.0 12.0
62.0 227.0 12.0
89.0 246.0 12.0
168.0 247.0 12.0
178.0 200.0 12.0
76.0 168.0 14.0
62.0 227.0 14.0
89.0 246.0 14.0
168.0 247.0 14.0
178.0 200.0 14.0
76.0 167.0 16.0
62.0 226.0 16.0
89.0 245.0 16.0
168.0 246.0 16.0
178.0 199.0 16.0
76.0 166.0 18.0
62.0 225.0 18.0
89.0 244.0 18.0
168.0 245.0 18.0
178.0 198.0 18.0
76.0 166.0 20.0
62.0 225.0 20.0
89.0 244.0 20.0
168.0 245.0 20.0
178.0 198.0 20.0
76.0 165.0 23.0
62.0 224.0 23.0
89.0 243.0 23.0
168.0 244.0 23.0
178.0 197.0 23.0
76.0 165.0 25.0
62.0 224.0 25.0
89.0 243.0 25.0
168.0 244.0 25.0
178.0 197.0 25.0
76.0 165.0 27.0
62.0 224.0 27.0
89.0 243.0 27.0
168.0 244.0 27.0
178.0 197.0 27.0
76.0 164.0 29.0
62.0 223.0 29.0
89.0 242.0 29.0
168.0 243.0 29.0
178.0 196.0 29.0
3 0 3 1 3 2  
3 1 3 3 3 2  
3 1 3 4 3 3  
3 4 3 5 3 3  
3 4 3 6 3 5  
3 6 3 7 3 5  
3 6 3 8 3 7  
3 8 3 9 3 7  
3 2 3 3 3 10  
3 3 3 11 3 10  
3 3 3 5 3 11  
3 5 3 12 3 11  
3 5 3 7 3 12  
3 7 3 13 3 12  
3 7 3 9 3 13  
3 9 3 14 3 13  
3 10 3 11 3 15  
3 11 3 16 3 15  
3 11 3 12 3 16  
3 12 3 17 3 16  
3 12 3 13 3 17  
3 13 3 18 3 17  
3 13 3 14 3 18  
3 14 3 19 3 18  
3 15 3 16 3 20  
3 16 3 21 3 20  
3 16 3 17 3 21  
3 17 3 22 3 21  
3 17 3 18 3 22  
3 18 3 23 3 22  
3 18 3 19 3 23  
3 19 3 24 3 23  
3 20 3 21 3 25  
3 21 3 26 3 25  
3 21 3 22 3 26  
3 22 3 27 3 26  
3 22 3 23 3 27  
3 23 3 28 3 27  
3 23 3 24 3 28  
3 24 3 29 3 28  
3 25 3 26 3 30  
3 26 3 31 3 30  
3 26 3 27 3 31  
3 27 3 32 3 31  
3 27 3 28 3 32  
3 28 3 33 3 32  
3 28 3 29 3 33  
3 29 3 34 3 33  
3 30 3 31 3 35  
3 31 3 36 3 35  
3 31 3 32 3 36  
3 32 3 37 3 36  
3 32 3 33 3 37  
3 33 3 38 3 37  
3 33 3 34 3 38  
3 34 3 39 3 38  
3 35 3 36 3 40  
3 36 3 41 3 40  
3 36 3 37 3 41  
3 37 3 42 3 41  
3 37 3 38 3 42  
3 38 3 43 3 42  
3 38 3 39 3 43  
3 39 3 44 3 43  
3 40 3 41 3 45  
3 41 3 46 3 45  
3 41 3 42 3 46  
3 42 3 47 3 46  
3 42 3 43 3 47  
3 43 3 48 3 47  
3 43 3 44 3 48  
3 44 3 49 3 48  
3 45 3 46 3 50  
3 46 3 51 3 50  
3 46 3 47 3 51  
3 47 3 52 3 51  
3 47 3 48 3 52  
3 48 3 53 3 52  
3 48 3 49 3 53  
3 49 3 54 3 53  
3 50 3 51 3 55  
3 51 3 56 3 55  
3 51 3 52 3 56  
3 52 3 57 3 56  
3 52 3 53 3 57  
3 53 3 58 3 57  
3 53 3 54 3 58  
3 54 3 59 3 58  
3 55 3 56 3 60  
3 56 3 61 3 60  
3 56 3 57 3 61  
3 57 3 62 3 61  
3 57 3 58 3 62  
3 58 3 63 3 62  
3 58 3 59 3 63  
3 59 3 64 3 63  
3 60 3 61 3 65  
3 61 3 66 3 65  
3 61 3 62 3 66  
3 62 3 67 3 66  
3 62 3 63 3 67  
3 63 3 68 3 67  
3 63 3 64 3 68  
3 64 3 69 3 68  
3 65 3 66 3 70  
3 66 3 71 3 70  
3 66 3 67 3 71  
3 67 3 72 3 71  
3 67 3 68 3 72  
3 68 3 73 3 72  
3 68 3 69 3 73  
3 69 3 74 3 73  
3 70 3 71 3 75  
3 71 3 76 3 75  
3 71 3 72 3 76  
3 72 3 77 3 76  
3 72 3 73 3 77  
3 73 3 78 3 77  
3 73 3 74 3 78  
3 74 3 79 3 78  
